100
     0    83    86    77    15    93    35    86    92    49    21    62    27    90    59    63    26    40    26    72    36    11    68    67    29    82    30    62    23    67    35    29     2    22    58    69    67    93    56    11    42    29    73    21    19    84    37    98    24    15    70    13    26    91    80    56    73    62    70    96    81     5    25    84    27    36     5    46    29    13    57    24    95    82    45    14    67    34    64    43    50    87     8    76    78    88    84     3    51    54    99    32    60    76    68    39    12    26    86    94
    83     0    39    95    70    34    78    67     1    97     2    17    92    52    56     1    80    86    41    65    89    44    19    40    29    31    17    97    71    81    75     9    27    67    56    97    53    86    65     6    83    19    24    28    71    32    29     3    19    70    68     8    15    40    49    96    23    18    45    46    51    21    55    79    88    64    28    41    50    93     0    34    64    24    14    87    56    43    91    27    65    59    36    32    51    37    28    75     7    74    21    58    95    29    37    35    93    18    28    43
    86    39     0    11    28    29    76     4    43    63    13    38     6    40     4    18    28    88    69    17    17    96    24    43    70    83    90    99    72    25    44    90     5    39    54    86    69    82    42    64    97     7    55     4    48    11    22    28    99    43    46    68    40    22    11    10     5     1    61    30    78     5    20    36    44    26    22    65     8    16    82    58    24    37    62    24     0    36    52    99    79    50    68    71    73    31    81    30    33    94    60    63    99    81    99    96    59    73    13    68
    77    95    11     0    90    95    26    66    84    40    90    84    76    42    36     7    45    56    79    18    87    12    48    72    59     9    36    10    42    87     6     1    13    72    21    55    19    99    21     4    39    11    40    67     5    28    27    50    84    58    20    24    22    69    96    81    30    84    92    72    72    50    25    85    22    99    40    42    98    13    98    90    24    90     9    81    19    36    32    55    94     4    79    69    73    76    50    55    60    42    79    84    93     5    21    67     4    13    61    54
    15    70    28    90     0    26    59    44     2     2     6    84    21    42    68    28    89    72     8    58    98    36     8    53    48     3    33    33    48    90    54    67    46    68    29     0    46    88    97    49    90     3    33    63    97    53    92    86    25    52    96    75    88    57    29    36    60    14    21    60     4    28    27    50    48    56     2    94    97    99    43    39     2    28     3     0    81    47    38    59    51    35    34    39    92    15    27     4    29    49    64    85    29    43    35    77     0    38    71    49
    93    34    29    95    26     0    89    67    88    92    95    43    44    29    90    82    40    41    69    26    32    61    42    60    17    23    61    81     9    90    25    96    67    77    34    90    26    24    57    14    68     5    58    12    86     0    46    26    94    16    52    78    29    46    90    47    70    51    80    31    93    57    27    12    86    14    55    12    90    12    79    10    69    89    74    55    41    20    33    87    88    38    66    70    84    56    17     6    60    49    37     5    59    17    18    45    83    73    58    73
    35    78    76    26    59    89     0    37    89    83     7    78    57    14    71    29     0    59    18    38    25    88    74    33    57    81    93    58    70    99    17    39    69    63    22    94    73    47    31    62    82    90    92    91    57    15    21    57    74    91    47    51    31    21    37    40    54    30    98    25    81    16    16     2    31    39    96     4    38    80    18    21    70    62    12    79    77    85    36     4    76    83     7    59    57    44    99    11    27    50    36    60    18     5    63    49    44    11     5    34
    86    67     4    66    44    67    37     0    91    75    55    14    89    68    93    18     5    82    22    82    17    30    93    74    26    93    86    53    43    74    14    13    79    77    62    75    88    19    10    32    94    17    46    35    37    91    53    43    73    28    25    91    10    18    17    36    63    55    90    58    30     4    71    61    33    85    89    73     4    51     5    50    68     3    85     6    95    39    49    20    67    26    63    77    96    81    65    60    36    55    70    18    11    42    32    96    79    21    70    84
    92     1    43    84     2    88    89    91     0    72    27    34    40    83    72    98    30    63    47    50    30    73    14    59    22    47    24    82    35    32     4    54    43    98    86    40    78    59    62    62    83    41    48    23    24    72    22    54    35    21    57    65    47    71    76    69    18     1     3    53    33     7    59    28     6    97    20    84     8    34    98    91    76    98    15    52    71    89    59     6    10    16    24     9    39     0    78     9    53    81    14    38    89    26    67    47    23    87    31    32
    49    97    63    40     2    92    83    75    72     0    22    81    75    50    79    90    54    50    31    13    57    94    81    81     3    20    33    82    81    87    15    96    25     4    22    92    51    97    32    34    81     6    15    57     8    95    99    62    97    83    76    54    77     9    87    32    82    21    66    63    60    82    11    85    86    85    30    90    83    14    76    16    20    92    25    28    39    25    90    36    60    18    43    37    28    82    21    10    55    88    25    15    70    37    53     8    22    83    50    57
    21     2    13    90     6    95     7    55    27    22     0    97    27    26    69    71    51    49    10    28    39    98    88    10    93    77    90    76    99    52    31    87    77    99    57    66    52    17    41    35    68    98    84    95    76     5    66    28    54    28     8    93    78    97    55    72    74    45     0    25    97    83    12    27    82    21    93    34    39    34    21    59    85    57    54    61    62    72    41    16    52    50    62    82    99    17    54    73    15     6    51    64    90    63    91    72    37    37    59    28
    62    17    38    84    84    43    78    14    34    81    97     0    71    80    87    56    90    41    70    52    65    11    69    17    61    83    51    12     0     6    38    67    64    89    32    54     4    75    79    41    12    38    69    36    70    56    44    60    49    14    65    14    26    86    83    39    69    35    52    21    93    90    89     9    31    73    64    35    48    95    77    13    33    98    49    55    55    93    68    56    60    33    23    86    71    58    77    40    45    81    61    90    23    50     0    54    75    64    42    24
    27    92     6    76    21    44    57    89    40    75    27    71     0    59    19    89    44    69    38    51    76    83    19    33    43     4    56    81    75    66    11    67    12    92    29     2    68    31     2    74     7    18    16    83    77    87    72    73    57    62    25    33    97    96    18    41    53    26    74    80    93    85    48     5    30    29    59    98    60    62    24    19    80    41     2    10    80    26    83    89    40     8    23    38    57    93    31    10    20     5    90    13    91    38    70    21    67    29    71    80
    90    52    40    42    42    29    14    68    83    50    26    80    59     0    43    95    99    24    88    54    86    69    32    69    10    73    30    33    63    87    79    94    49    99    51    39    64    42    30    86    15    49    15    86    81    11    34    33    87    22    87    73    43    19    42    54    44    24    39    59    63    18    53    12    69     5     4    33    99    34    19    15    35    87    53    69    50    87     2    37    62    89    10     5    60     4    11    57    29     3    16    92    21    22     5    43    79    61    28    78
    59    56     4    36    68    90    71    93    72    79    69    87    19    43     0    47     0    45    82    87    99    51    89    86    53    26    48    94    36     6     7    92    17    64    21    20    80    66    94    54    23    37    33    84    17    12    31    17     9    65    56     8    69    45    95    22    71    95    69    59     1    76    52    71    40    25    43    72    91    89    27    66    78    12    50    96    24    33    13    86    99    70    94    68    15    41    42    39    37    63    98    90    39     2    13    31    28    57     4    71
    63     1    18     7    28    82    29    18    98    90    71    56    89    95    47     0    46    83    38    25    95    40    21    72    26    34    58    25    56    52    45    72    46    39    11    83     3    61    25    42    16    39    74    44    96    30    67    94    13    57    19    60    50    92    32    76    79    90    53    35    95    98     7    41    37    70    76    40    84     1    83     0    92     9    96    40    39    63    35     4    73     6    64    23    51    49    51    30    39     4    65    86     2    25    79    91    47     7    84    31
    26    80    28    45    89    40     0     5    30    54    51    90    44    99     0    46     0    61    19    31    53    28    27    94    19    43    81    23    68    87    39    43    38    88    94    20    80    98    86    18    52    63    98    95    10     5    79    42    66    98    25    72    78    53    66    97    48    47    72    16    86    12    59    77     0    53    97    32     3    35    51     7    98    49    54    61     6    34     3    25    84    28    97    63    33    15    60    81    14    85    97     0    97     8    29    49    13    79    34    16
    40    86    88    56    72    41    59    82    63    50    49    41    69    24    45    83    61     0    14    85    75    65    86    30    26    92    16    29    69    52     9    66    15    95    33    28    76    47    13    26     0    62    86    29    63     0     8    97    16    75    82    44    40    20    26    18    65    94    99    34    46     8    53    62     3    86    42    32    34     7    10    34    69    96    15    84    96    24    82    65    51    16    61    43    37    87    61     2    81    60    88    79    20    41    93    24    28    35     8    62
    26    41    69    79     8    69    18    22    47    31    10    70    38    88    82    38    19    14     0    42    70    96    63    66    11     0    15    87    34    32    90    50    93    33    39    80    94    93    13    54    82    44    75    23    38    51    51    73    11    65    68    81    13    83    99    77    35    14    64    69    46     7    72    91    40    11    23    87    57    36    93    39    81    20    14    71    71    18    96    34    83    64    67    97     0    67    74    35    33    90    57    32    49    29    23    90    92    47    29    49
    72    65    17    18    58    26    38    82    50    13    28    52    51    54    87    25    31    85    42     0    35    22    40    68    43    55    39    66    25    36    53    60    52    20    57     4    87    83    40    21    26    97     5    27    78    28    69    70    27    98    20    63    21    60    83    16    67    23    82    92    11    35    53    63     8    62    68    95    98    60    68    76     9    73     3    87    54    73    57    81    23    29    96    44    42    80    12     9    55    47    54    66    34    59    81    42    73     1    38    71
    36    89    17    87    98    32    25    17    30    57    39    65    76    86    99    95    53    75    70    35     0    13    58    99    22    84    55    61    90    80    71    23     3     0    20     0    42    52    12     4     7    59    58    25    94    17    58    36    90    60    26    14    73    37    65    48    21    20     9    63     0    32    86     4    33    58    56    27    10    68    31    69    28    41    46    74    58     5    10     1    65    89    67    90    26    32    38    99     5     0    62    57    32    48    61    17     7    69    97    69
    11    44    96    12    36    61    88    30    73    94    98    11    83    69    51    40    28    65    96    22    13     0    38    28    39    18    70    85    92    80    42    54    33     7    43     0    50    21    85    88    20    90    40    34    47    25    83    61    94    42    30    91    63    20    20    54    38    42    92    30    22    34    85     8    94    80     8    44     2    45    84    22    87    25    57    35     2    92    48    96    86    30    40    49    51    12    56    89    54    48    72    28    82    57    88    76    37    97    20    39
    68    19    24    48     8    42    74    93    14    81    88    69    19    32    89    21    27    86    63    40    58    38     0    94     5    14    82    82    23    69    36    15    17    84    53    99    24    54    50    36    10    92    42    58    64    23    41    21    11    69    10    60    90     2    55    47    16    89    81    39    58    17     6    75     1    11    74    78    65    77    66    76    69    61    34    33    36    27     6    99    97    16    60    39    70    67    86    86     8    67    77    66    36    35    93    37    46    19    67    12
    67    40    43    72    53    60    33    74    59    81    10    17    33    69    86    72    94    30    66    68    99    28    94     0    96    34    40    17    95    74    50    31     2     8    30    51    25    42    90    47    61    76    34    69    95    63    35    31    51    80    20    97     0    88    61    96    74     1    14    69    28    16    52    82    25    82    33     2    77    23    49    90    51    35    60    46    99    47    29     2    28    49    99    28    89    13    76    63    66    90    84    94    59    36    76    84    71     9    38     0
    29    29    70    59    48    17    57    26    22     3    93    61    43    10    53    26    19    26    11    43    22    39     5    96     0    84    39    90    35    75    50    81    26    50    62    28    78    64    79    58    53    44    34    69    11    77     5    57    36    42    34    72    65    95    10    65    32    49     7    67    76    58     1     2    60    63    82    38    27    14    96    33    58    30    54    69     7    59    27    95     1    13    67    18    60    29    35    92    31    43    12     7    53    13    62    13    28    96    51    56
    82    31    83     9     3    23    81    93    47    20    77    83     4    73    26    34    43    92     0    55    84    18    14    34    84     0    10    99    41    69    81    95    90    89    54    69    36     8    82     4    26    95    33    14    87    64    57    51    24    10    64    38    23    93    34    26     1    45    25    94    66     6    89    56    47    95    26    84     3    60    40    82    55    73    48    95    90     5    46    66    67    63     4    90     8    90    68    61    35    93    55     1    51    44    10    51    91    88    35    47
    30    17    90    36    33    61    93    86    24    33    90    51    56    30    48    58    81    16    15    39    55    70    82    40    39    10     0    48    75    81    56     0    29    51    42    34    49    60     1    64    64    43    72    55    11    33    42    56    40    96    59    36    58    10    28    46    97    75    94    24    56    50    25    85    53    19    71    55    80    24    19    96    67    44     3    30    29    46    86    70    94    45    58    52     8    86    98     5    13    44    30    21    47     7    58     0    78    29     7    58
    62    97    99    10    33    81    58    53    82    82    76    12    81    33    94    25    23    29    87    66    61    85    82    17    90    99    48     0    53    79     7    72    75    10     2     4     8    40    26     2    86    85     6    46    23     4    51    37     1    33    10    48    92    69     0    71    50     8    81    56    87    88    28    62    51    83    18    59    23    45    14    61    82    72     7    57    29    11    94    30    44    57    78    37    26    78    60    28    86    41    84    25    82    65    39    33    48    58    44    23
    23    71    72    42    48     9    70    43    35    81    99     0    75    63    36    56    68    69    34    25    90    92    23    95    35    41    75    53     0    55    10    85    89    83    44    46    12    55    93    42     0    50    20    89    28    50    49    56    37    42    41    14    24    58    54     9    58    64    54    81    19    16    18    60    99    63     6    63    18    99     5    70     1    77    11    29    28    12    86    17    55    79    83    79    89    37    89    47    53    95    80    24    11    99    84    11    14    43    26    84
    67    81    25    87    90    90    99    74    32    87    52     6    66    87     6    52    87    52    32    36    80    80    69    74    75    69    81    79    55     0    42    32     7    96    61    18    25    41    31    63    10    86    94    94    17    35    83    58    82    37    53    15    13    17    14    98    80    80    41     6    64    35    38    23    31    52    42     9    45    25    24    56    63    71     2    80     6    85    91    89    74    44    56    88    61    70    38    41     2    79    48    18    66    38    42    50    42    84    59    88
    35    75    44     6    54    25    17    14     4    15    31    38    11    79     7    45    39     9    90    53    71    42    36    50    50    81    56     7    10    42     0    61    35    96    24     6    98    56    13    35    47    54    62    44    10     2    57    32    40    51    86    71    99     4    89    89    46    39    84    82    50    72    43    86    68    19    92    18    76    57    53    75    63    15    19    25    69    77     9     9    80    95    32    31     0    22    20    46    13    56    29    64    28    24    50    48    44    94    18    72
    29     9    90     1    67    96    39    13    54    96    87    67    67    94    92    72    43    66    50    60    23    54    15    31    81    95     0    72    85    32    61     0     4    72    47    67    39    19    93     9    48    54    70    28    50    55    59    50    29    31    48    42    88    77     6    68    54     8    69    98     3    87    70     7    11    69    26     3    40    71    64    88    26    86    16    76    41    27    78    22    59    26    65    99     4    23    67    58    32    88     8    87    76    30    94    39    51    72    42    92
     2    27     5    13    46    67    69    79    43    25    77    64    12    49    17    46    38    15    93    52     3    33    17     2    26    90    29    75    89     7    35     4     0    44     6    80    22    93    49    98    86    28    76     9    87     2    26    38    58    49    58    68    81    46    28    20    74    58    14    14    62    39    56    54    35    15    34    57    60    35     7    46    64    83    55     3    37    33    42    48    83     0    68    16    46    49    37    21    59     3    87    21    42    43    75    77    10    62    86    70
    22    67    39    72    68    77    63    77    98     4    99    89    92    99    64    39    88    95    33    20     0     7    84     8    50    89    51    10    83    96    96    72    44     0    97    93    17    61    28    24    17    66    58    59    66    93    59    86     9    57    35    46    30    95     2    17    16    96    13    92    74    23     6    60    94     3     6    63    17    34    39    34    52    49    93    18    42     4     5     4    13    92     2    44    87     4    61    56     1    26    48    27    50    54    39    96     9    45    11    26
    58    56    54    21    29    34    22    62    86    22    57    32    29    51    21    11    94    33    39    57    20    43    53    30    62    54    42     2    44    61    24    47     6    97     0    80     2    12    32    52    57     3    46    61    60    50    27    52    53    71    40    57    84    48    10    11    48    37    13    54    77    61    63    74    24    42    54    26    54    39    78    64    42    25    77     2    27     4    54    80    75    46    90    60    94     0    23    42    90    88    96    19    49    12    93    25    54    48    51    60
    69    97    86    55     0    90    94    75    40    92    66    54     2    39    20    83    20    28    80     4     0     0    99    51    28    69    34     4    46    18     6    67    80    93    80     0    87    82    24    29    59     2    83    86     6    37    67    34    36     9    46    30     9    69    25    51    57    73    70    58    85    64    83    39    64    86    52     3    68    76    32    27    30    67    66    37     4    33    71    92    94    17    75    55    38     0     7    47    73    77    57    59    93    92    50    57    78     2    60    47
    67    53    69    19    46    26    73    88    78    51    52     4    68    64    80     3    80    76    94    87    42    50    24    25    78    36    49     8    12    25    98    39    22    17     2    87     0    31    44    26    61    11    92    98    68    77    21    60    71    90    87    79    80    87    86    79    13    63    36    24     9    28    74    66    59    29    27    58    60    71    84    73    35    29    24     3    58    45    15    82    88     3    61    68    42    47     0    55    62    36    31    71    17    58    38    76    87    17    34    99
    93    86    82    99    88    24    47    19    59    97    17    75    31    42    66    61    98    47    93    83    52    21    54    42    64     8    60    40    55    41    56    19    93    61    12    82    31     0    40    70    72    27    51    96    82    10    94    98    92    82    53    53     2    47    52    54    55    14    91    86    38    60    44    28    88    83    45    22    34    37    44     7    65    96    55    47     6    49    97    50    83     2     3    38    50    55    92     5    21    35    91    11    95    88    39    83    23    36    57    58
    56    65    42    21    97    57    31    10    62    32    41    79     2    30    94    25    86    13    13    40    12    85    50    90    79    82     1    26    93    31    13    93    49    28    32    24    44    40     0    26     2    65    91    50    20    90     8    22    88    58    57    90    61    95    40    68    40    97    41    75    41    53    23    29    44    58    52    33    16    10    59    70    27    50    72     0    40    80    74    80    38    31    71    99    79    63    19    19    61    12    46    54    17    69    83    62    28    87    95    96
    11     6    64     4    49    14    62    32    62    34    35    41    74    86    54    42    18    26    54    21     4    88    36    47    58     4    64     2    42    63    35     9    98    24    52    29    26    70    26     0    50    54    66    29    56    38    29    96    18    55    29     8    87     0     7    18    15    78    37    28    90    35    82     8     5    17    22    85    57    69    81     7    23    99    36    79    89    18    27     7    73    56    15    12     8    74    30    76     4    19    56    46    55    39     6    12     8    28    97    65
    42    83    97    39    90    68    82    94    83    81    68    12     7    15    23    16    52     0    82    26     7    20    10    61    53    26    64    86     0    10    47    48    86    17    57    59    61    72     2    50     0    97    30    72    72    29    61     3    18    31    83    77    56    91    44    69    52    70    51    28    26    23    84    72    30    75    79    94    84    59    91    49     9    73    74    81     2    35    37    72    66    20     1    74    11    45    43    15    67    47    43    93    22    80    17     4     7    96    98    91
    29    19     7    11     3     5    90    17    41     6    98    38    18    49    37    39    63    62    44    97    59    90    92    76    44    95    43    85    50    86    54    54    28    66     3     2    11    27    65    54    97     0     8    89    93    17    62    67    50    16    54    87    40    72    59    41    46    23    38    42    38     5    89    82    50    63    14    67    67    21    16    65    65    24     6    58    41    20    25    91    88    79    31    28    51    90    69    97    13    59    91    52    16    32    86    66    95     0    85    14
    73    24    55    40    33    58    92    46    48    15    84    69    16    15    33    74    98    86    75     5    58    40    42    34    34    33    72     6    20    94    62    70    76    58    46    83    92    51    91    66    30     8     0    73     1    79    38    77    37    96    18    57    73    62    45     4    93    25     7    35    46     5    49     5    48    53    73    81    39    39    76    91    77    91    64    30    22    55     8    60    51    26    69    77    40    15    81    33    92    89    69    39    46    70    96    94    23    70    75    14
    21    28     4    67    63    12    91    35    23    57    95    36    83    86    84    44    95    29    23    27    25    34    58    69    69    14    55    46    89    94    44    28     9    59    61    86    98    96    50    29    72    89    73     0    61     4     5    38    95    21    69    69    76    77    29    80    55    99    57    96    66    38    81    58    79     2    49    25    24    46    72    47    16    47    61    77    51    18    16    98    40    37    68    16    66    49    96    21    48     5    69    66    96    51    77    75     5    26    53    30
    19    71    48     5    97    86    57    37    24     8    76    70    77    81    17    96    10    63    38    78    94    47    64    95    11    87    11    23    28    17    10    50    87    66    60     6    68    82    20    56    72    93     1    61     0    72    25    29    88    72    43    18    76    61    86    26     1    23    94    70    89    96    18    62    96    24    32    63    20    35    40    47    92    18     0    22    43    25     4    83    50    47     1    78     8    87     4    62    62    51    32    51    47     2    66    43    26    50    58    98
    84    32    11    28    53     0    15    91    72    95     5    56    87    11    12    30     5     0    51    28    17    25    23    63    77    64    33     4    50    35     2    55     2    93    50    37    77    10    90    38    29    17    79     4    72     0    37    50    98    29    69    98     4    12    76     8    47    78    55    49     8    63    36    64    77    51    15     9    54    14    12    20    10    90    70    68    41     7    71    39    89    40    89    93     4    17    53    51    47     8    52    55    23    41    72     1    92    39    62    46
    37    29    22    27    92    46    21    53    22    99    66    44    72    34    31    67    79     8    51    69    58    83    41    35     5    57    42    51    49    83    57    59    26    59    27    67    21    94     8    29    61    62    38     5    25    37     0    54    26    19    16    69    89    84    10    49    55     1    90    47    42    83     3    12    88     7    11    96    11    19    71    52    91    24    96    30    87    43    36    65    62    52    34     3    89    96     4    96    97    94    96    92    29    99    56    17    58    67    65    22
    98     3    28    50    86    26    57    43    54    62    28    60    73    33    17    94    42    97    73    70    36    61    21    31    57    51    56    37    56    58    32    50    38    86    52    34    60    98    22    96     3    67    77    38    29    50    54     0    86    37    74    77    61    71     8     0    66    96    66    80    49     0    35    38    97    40    34    46    86    30    90    16    82    46    85    92    14    51    14    52    40    41    30    53    64    90    54    30    86    72    62    87    72    97    25    21    89    60    20    76
    24    19    99    84    25    94    74    73    35    97    54    49    57    87     9    13    66    16    11    27    90    94    11    51    36    24    40     1    37    82    40    29    58     9    53    36    71    92    88    18    18    50    37    95    88    98    26    86     0    42    10    92    24     9    29    69    75    80    83    27    20    24     9    74    88    99    80    70    38    52    32    25    76    82    51    98    71    63    70    47    57    32    91    34    41    21     3    16    53    38    96    26    63     5    52     3    57    32    26    95
    15    70    43    58    52    16    91    28    21    83    28    14    62    22    65    57    98    75    65    98    60    42    69    80    42    10    96    33    42    37    51    31    49    57    71     9    90    82    58    55    31    16    96    21    72    29    19    37    42     0    36    58    20    12    92    23    62    64    38    32    63    48    65     7    82    58    28    37    27    33    75    23    59    90    28    11    46    85    95    72    32    31    82     5    96    75    28    58    39    19    43    54    67    60    61     1    70    41    38    97
    70    68    46    20    96    52    47    25    57    76     8    65    25    87    56    19    25    82    68    20    26    30    10    20    34    64    59    10    41    53    86    48    58    35    40    46    87    53    57    29    83    54    18    69    43    69    16    74    10    36     0    75    13    20    86    56     1    98     2    38    45    74    23    29    56    28    25    31     8    35    22    79    30    77    46    90    90    47    13    32    37    10     7    51    83    93     7    36    43     9    26    89    35    49    18    91    77    95    23    38
    13     8    68    24    75    78    51    91    65    54    93    14    33    73     8    60    72    44    81    63    14    91    60    97    72    38    36    48    14    15    71    42    68    46    57    30    79    53    90     8    77    87    57    69    18    98    69    77    92    58    75     0    30    97    17    13    74    16    55    65    15    68    49    53    79    56    56    14     1    15    50    97    76    76    38    11    26     8     2    55     3    77    93    85    75    11    98     1    27     6    18    42    74    67    47    53    23     3    67    77
    26    15    40    22    88    29    31    10    47    77    78    26    97    43    69    50    78    40    13    21    73    63    90     0    65    23    58    92    24    13    99    88    81    30    84     9    80     2    61    87    56    40    73    76    76     4    89    61    24    20    13    30     0    18    69    26    94    46    64     5    24    72    60    79    27    37    25    64    64    36    15    66    15    21    84     9    95    52    57     1    27    60    20    56    31    90    82    25    88    46    83    12    70    43    91    49    32    16    66    97
    91    40    22    69    57    46    21    18    71     9    97    86    96    19    45    92    53    20    83    60    37    20     2    88    95    93    10    69    58    17     4    77    46    95    48    69    87    47    95     0    91    72    62    77    61    12    84    71     9    12    20    97    18     0     4    81    63    71    54    99    81     1    51    90     2    31     2    75    87    33    65    70    11     5    68    46    17    91    89    60    92    73    29    58    70    33    91    85    57    97    37    90    99    88    80    53    71    34    28    59
    80    49    11    96    29    90    37    17    76    87    55    83    18    42    95    32    66    26    99    83    65    20    55    61    10    34    28     0    54    14    89     6    28     2    10    25    86    52    40     7    44    59    45    29    86    76    10     8    29    92    86    17    69     4     0    20    45    81    83    50     1    29    19    92    70    80    37    43     9    47    66    94    39     3     3    88    40    93    87    81    25    41    52    12    21    63    32    67    44    15    69    46    44    89    90    14    21    27     9    30
    56    96    10    81    36    47    40    36    69    32    72    39    41    54    22    76    97    18    77    16    48    54    47    96    65    26    46    71     9    98    89    68    20    17    11    51    79    54    68    18    69    41     4    80    26     8    49     0    69    23    56    13    26    81    20     0    75    75    76    66    31    80    54    71    25    42     4     3    35    57    15    56    72    47    75    17    14    45    63    58    86    53    24     7    81    33    89     8    61    17    74    92    49    28    15    75    22    72    30    57
    73    23     5    30    60    70    54    63    18    82    74    69    53    44    71    79    48    65    35    67    21    38    16    74    32     1    97    50    58    80    46    54    74    16    48    57    13    55    40    15    52    46    93    55     1    47    55    66    75    62     1    74    94    63    45    75     0    81    45    66    53    92    41    70    58    38    85    16    24    39    92    83    72    77    72    32    38    42     6    82    91    86    50    18     9    22    48    18    55    45    84     8    89    78    79    47    16    64    15    93
    62    18     1    84    14    51    30    55     1    21    45    35    26    24    95    90    47    94    14    23    20    42    89     1    49    45    75     8    64    80    39     8    58    96    37    73    63    14    97    78    70    23    25    99    23    78     1    96    80    64    98    16    46    71    81    75    81     0    55     7    76    79    85     1    11    75    95    69    10    86    56    12    57    17    86    57    35    41     3    72    49    92    50    80    40    18    97    55    11     4    15    40    84     0    93    47    27    88    17    37
    70    45    61    92    21    80    98    90     3    66     0    52    74    39    69    53    72    99    64    82     9    92    81    14     7    25    94    81    54    41    84    69    14    13    13    70    36    91    41    37    51    38     7    57    94    55    90    66    83    38     2    55    64    54    83    76    45    55     0    74    73     1    83    90    87    41    77    28    96     1    30    88     3    10    80    22    59    36    85    64     3    77     0    55    70    47    82    58    64    72    85    37    73    68    79    61    61     9    89    57
    96    46    30    72    60    31    25    58    53    63    25    21    80    59    59    35    16    34    69    92    63    30    39    69    67    94    24    56    81     6    82    98    14    92    54    58    24    86    75    28    28    42    35    96    70    49    47    80    27    32    38    65     5    99    50    66    66     7    74     0    10    19    46    66    82    78    88    41    66    25    57    69     3    57    24    25     5     7    84    69    31    69    59     4    89    90    65    51    51     7     8    62    78     6    28    60    85    68    54    51
    81    51    78    72     4    93    81    30    33    60    97    93    93    63     1    95    86    46    46    11     0    22    58    28    76    66    56    87    19    64    50     3    62    74    77    85     9    38    41    90    26    38    46    66    89     8    42    49    20    63    45    15    24    81     1    31    53    76    73    10     0    45    11    21     0    69    45    26    26     4    62    95    35    31     6    40    20    49    57    23     0    16    32    14    95    90    42     7    75    62    13    79    60    77     0    60    46    97    38    24
     5    21     5    50    28    57    16     4     7    82    83    90    85    18    76    98    12     8     7    35    32    34    17    16    58     6    50    88    16    35    72    87    39    23    61    64    28    60    53    35    23     5     5    38    96    63    83     0    24    48    74    68    72     1    29    80    92    79     1    19    45     0    54     0    71    89    31    78    81     4    79    91    27    79     7    11    94    54     2    88    14    29     3    79     8    63    56    60    75    54    10    14    78    64    14    50    53    98    80    87
    25    55    20    25    27    27    16    71    59    11    12    89    48    53    52     7    59    53    72    53    86    85     6    52     1    89    25    28    18    38    43    70    56     6    63    83    74    44    23    82    84    89    49    81    18    36     3    35     9    65    23    49    60    51    19    54    41    85    83    46    11    54     0    54    59    78    33    38    37    45    84    44    99    73    58    28    28    37    89    91    46    49    18     0    59    32    79    23    99    29    29    97     9    16     3    20    46    36    58    83
    84    79    36    85    50    12     2    61    28    85    27     9     5    12    71    41    77    62    91    63     4     8    75    82     2    56    85    62    60    23    86     7    54    60    74    39    66    28    29     8    72    82     5    58    62    64    12    38    74     7    29    53    79    90    92    71    70     1    90    66    21     0    54     0    33    95    27    32    20    37    13    48    27     2    91    73     3     9    25    63    42     4    38    93    85    19    42    46    87    45    66    33    81    77    69    15    72    48    99    92
    27    88    44    22    48    86    31    33     6    86    82    31    30    69    40    37     0     3    40     8    33    94     1    25    60    47    53    51    99    31    68    11    35    94    24    64    59    88    44     5    30    50    48    79    96    77    88    97    88    82    56    79    27     2    70    25    58    11    87    82     0    71    59    33     0    38    12    40    65    14    31    90    70    92    15    33    86    72    23    79    57    95    21     4    82    18    22    68    52    99    89    19    71    89    18    15    27    83    55    44
    36    64    26    99    56    14    39    85    97    85    21    73    29     5    25    70    53    86    11    62    58    80    11    82    63    95    19    83    63    52    19    69    15     3    42    86    29    83    58    17    75    63    53     2    24    51     7    40    99    58    28    56    37    31    80    42    38    75    41    78    69    89    78    95    38     0    49    38    34    19    83     2     4    69    74    28    49    83    23    22    39    57    93    62    25    45    13    66    64    37    56    34    52    83    17    60    80    67    50    66
     5    28    22    40     2    55    96    89    20    30    93    64    59     4    43    76    97    42    23    68    56     8    74    33    82    26    71    18     6    42    92    26    34     6    54    52    27    45    52    22    79    14    73    49    32    15    11    34    80    28    25    56    25     2    37     4    85    95    77    88    45    31    33    27    12    49     0    86    33    68    91     3    94    71     4    78    46    78    17    55    71    79    33    68    93    99    84    82    55    19    34    91    88    94    71     7    97    89    94    30
    46    41    65    42    94    12     4    73    84    90    34    35    98    33    72    40    32    32    87    95    27    44    78     2    38    84    55    59    63     9    18     3    57    63    26     3    58    22    33    85    94    67    81    25    63     9    96    46    70    37    31    14    64    75    43     3    16    69    28    41    26    78    38    32    40    38    86     0    58    37    85     4    60    89    82    58    20     0    13    91    31    46    12    76    46    96    58    53    67    45    44    56    91    67    63    88     9     9    19    19
    29    50     8    98    97    90    38     4     8    83    39    48    60    99    91    84     3    34    57    98    10     2    65    77    27     3    80    23    18    45    76    40    60    17    54    68    60    34    16    57    84    67    39    24    20    54    11    86    38    27     8     1    64    87     9    35    24    10    96    66    26    81    37    20    65    34    33    58     0    98    56    23    58    98     6    16    18    58    82    61    41    28    73    18    26    70    28    80    37    73    76    45    65    96     9    53     5    70    24    24
    13    93    16    13    99    12    80    51    34    14    34    95    62    34    89     1    35     7    36    60    68    45    77    23    14    60    24    45    99    25    57    71    35    34    39    76    71    37    10    69    59    21    39    46    35    14    19    30    52    33    35    15    36    33    47    57    39    86     1    25     4     4    45    37    14    19    68    37    98     0    69    33    47    27    31     5    96    49    63    78    10    57    58    36    75    85    58     3    65    47    29    41    93    94    37    54    99    94    24    76
    57     0    82    98    43    79    18     5    98    76    21    77    24    19    27    83    51    10    93    68    31    84    66    49    96    40    19    14     5    24    53    64     7    39    78    32    84    44    59    81    91    16    76    72    40    12    71    90    32    75    22    50    15    65    66    15    92    56    30    57    62    79    84    13    31    83    91    85    56    69     0    18    45     9    18    25    92    23    21    41    39    51     3    96     9    91    23    94    49    78    11    97    59    53    90    53    42    96     5    89
    24    34    58    90    39    10    21    50    91    16    59    13    19    15    66     0     7    34    39    76    69    22    76    90    33    82    96    61    70    56    75    88    46    34    64    27    73     7    70     7    49    65    91    47    47    20    52    16    25    23    79    97    66    70    94    56    83    12    88    69    95    91    44    48    90     2     3     4    23    33    18     0    72    33     7    18    94    77    43    86    53    16    79    92    67    82    40    28    74    15    23    75    45    34    72     5    39    14    10    34
    95    64    24    24     2    69    70    68    76    20    85    33    80    35    78    92    98    69    81     9    28    87    69    51    58    55    67    82     1    63    63    26    64    52    42    30    35    65    27    23     9    65    77    16    92    10    91    82    76    59    30    76    15    11    39    72    72    57     3     3    35    27    99    27    70     4    94    60    58    47    45    72     0    10    15    23    35     0    82    53    94    60    96    32    13    12    11    57    31    94    49    59    20    16    34    95    61    21    20    66
    82    24    37    90    28    89    62     3    98    92    57    98    41    87    12     9    49    96    20    73    41    25    61    35    30    73    44    72    77    71    15    86    83    49    25    67    29    96    50    99    73    24    91    47    18    90    24    46    82    90    77    76    21     5     3    47    77    17    10    57    31    79    73     2    92    69    71    89    98    27     9    33    10     0    12    86    77    46    49    44    21    84    45    56    37    91    16    85    24    81    49    87    90    80    81    91    91    53     7    26
    45    14    62     9     3    74    12    85    15    25    54    49     2    53    50    96    54    15    14     3    46    57    34    60    54    48     3     7    11     2    19    16    55    93    77    66    24    55    72    36    74     6    64    61     0    70    96    85    51    28    46    38    84    68     3    75    72    86    80    24     6     7    58    91    15    74     4    82     6    31    18     7    15    12     0     1    68    47    73    87    11    59    64    10     8    60    31    44    57    87    33    49    55    18    25    88    67    12    78    99
    14    87    24    81     0    55    79     6    52    28    61    55    10    69    96    40    61    84    71    87    74    35    33    46    69    95    30    57    29    80    25    76     3    18     2    37     3    47     0    79    81    58    30    77    22    68    30    92    98    11    90    11     9    46    88    17    32    57    22    25    40    11    28    73    33    28    78    58    16     5    25    18    23    86     1     0    46    69    91    51    28    69     4    97    68    77    84    79    89     0    89    49    60    73    94    18    12    27    19    20
    67    56     0    19    81    41    77    95    71    39    62    55    80    50    24    39     6    96    71    54    58     2    36    99     7    90    29    29    28     6    69    41    37    42    27     4    58     6    40    89     2    41    22    51    43    41    87    14    71    46    90    26    95    17    40    14    38    35    59     5    20    94    28     3    86    49    46    20    18    96    92    94    35    77    68    46     0    46    96     8    65    60    39    17     6    60     8    10    89    29    14    38    97    92    74    28    81    74    18    30
    34    43    36    36    47    20    85    39    89    25    72    93    26    87    33    63    34    24    18    73     5    92    27    47    59     5    46    11    12    85    77    27    33     4     4    33    45    49    80    18    35    20    55    18    25     7    43    51    63    85    47     8    52    91    93    45    42    41    36     7    49    54    37     9    72    83    78     0    58    49    23    77     0    46    47    69    46     0    86    43    76    56    55     4    27    27     2    75    36    19    36    27    36    94    87    44     4    76    73    19
    64    91    52    32    38    33    36    49    59    90    41    68    83     2    13    35     3    82    96    57    10    48     6    29    27    46    86    94    86    91     9    78    42     5    54    71    15    97    74    27    37    25     8    16     4    71    36    14    70    95    13     2    57    89    87    63     6     3    85    84    57     2    89    25    23    23    17    13    82    63    21    43    82    49    73    91    96    86     0    66    22    63    40    51    96    66    21    78     5    64    55    61    71    11    41    99    13    16    87    32
    43    27    99    55    59    87     4    20     6    36    16    56    89    37    86     4    25    65    34    81     1    96    99     2    95    66    70    30    17    89     9    22    48     4    80    92    82    50    80     7    72    91    60    98    83    39    65    52    47    72    32    55     1    60    81    58    82    72    64    69    23    88    91    63    79    22    55    91    61    78    41    86    53    44    87    51     8    43    66     0     4    14    21    99     1    65    55    30    91    26    96    65    89    37    16    37     3    89    16     8
    50    65    79    94    51    88    76    67    10    60    52    60    40    62    99    73    84    51    83    23    65    86    97    28     1    67    94    44    55    74    80    59    83    13    75    94    88    83    38    73    66    88    51    40    50    89    62    40    57    32    37     3    27    92    25    86    91    49     3    31     0    14    46    42    57    39    71    31    41    10    39    53    94    21    11    28    65    76    22     4     0     5    23    22    77    86    15    28    51    83    15    83    88    29    56    39    82    22    94    12
    87    59    50     4    35    38    83    26    16    18    50    33     8    89    70     6    28    16    64    29    89    30    16    49    13    63    45    57    79    44    95    26     0    92    46    17     3     2    31    56    20    79    26    37    47    40    52    41    32    31    10    77    60    73    41    53    86    92    77    69    16    29    49     4    95    57    79    46    28    57    51    16    60    84    59    69    60    56    63    14     5     0    65    21     9    82    62    46    51     0     1    40    68    62    46    43    36    75    29     3
     8    36    68    79    34    66     7    63    24    43    62    23    23    10    94    64    97    61    67    96    67    40    60    99    67     4    58    78    83    56    32    65    68     2    90    75    61     3    71    15     1    31    69    68     1    89    34    30    91    82     7    93    20    29    52    24    50    50     0    59    32     3    18    38    21    93    33    12    73    58     3    79    96    45    64     4    39    55    40    21    23    65     0     3    80    86    18    15    26    99    72    65    81    46    60    94    63    81    55    45
    76    32    71    69    39    70    59    77     9    37    82    86    38     5    68    23    63    43    97    44    90    49    39    28    18    90    52    37    79    88    31    99    16    44    60    55    68    38    99    12    74    28    77    16    78    93     3    53    34     5    51    85    56    58    12     7    18    80    55     4    14    79     0    93     4    62    68    76    18    36    96    92    32    56    10    97    17     4    51    99    22    21     3     0    43    53    96    95    54    89    63    68    35    58    56    10    87    59    65    67
    78    51    73    73    92    84    57    96    39    28    99    71    57    60    15    51    33    37     0    42    26    51    70    89    60     8     8    26    89    61     0     4    46    87    94    38    42    50    79     8    11    51    40    66     8     4    89    64    41    96    83    75    31    70    21    81     9    40    70    89    95     8    59    85    82    25    93    46    26    75     9    67    13    37     8    68     6    27    96     1    77     9    80    43     0    46    83    83    72    34     7    38    15    53    50     9    16    83    64    61
    88    37    31    76    15    56    44    81     0    82    17    58    93     4    41    49    15    87    67    80    32    12    67    13    29    90    86    78    37    70    22    23    49     4     0     0    47    55    63    74    45    90    15    49    87    17    96    90    21    75    93    11    90    33    63    33    22    18    47    90    90    63    32    19    18    45    99    96    70    85    91    82    12    91    60    77    60    27    66    65    86    82    86    53    46     0    78    69    10    74    24    99    89    44    34    48     1    96    35    60
    84    28    81    50    27    17    99    65    78    21    54    77    31    11    42    51    60    61    74    12    38    56    86    76    35    68    98    60    89    38    20    67    37    61    23     7     0    92    19    30    43    69    81    96     4    53     4    54     3    28     7    98    82    91    32    89    48    97    82    65    42    56    79    42    22    13    84    58    28    58    23    40    11    16    31    84     8     2    21    55    15    62    18    96    83    78     0    61    55    58    96    90    31    30    97    21    97    50    23    59
     3    75    30    55     4     6    11    60     9    10    73    40    10    57    39    30    81     2    35     9    99    89    86    63    92    61     5    28    47    41    46    58    21    56    42    47    55     5    19    76    15    97    33    21    62    51    96    30    16    58    36     1    25    85    67     8    18    55    58    51     7    60    23    46    68    66    82    53    80     3    94    28    57    85    44    79    10    75    78    30    28    46    15    95    83    69    61     0    18     6    75    31    84    45    41    10    69    40     0    65
    51     7    33    60    29    60    27    36    53    55    15    45    20    29    37    39    14    81    33    55     5    54     8    66    31    35    13    86    53     2    13    32    59     1    90    73    62    21    61     4    67    13    92    48    62    47    97    86    53    39    43    27    88    57    44    61    55    11    64    51    75    75    99    87    52    64    55    67    37    65    49    74    31    24    57    89    89    36     5    91    51    51    26    54    72    10    55    18     0    26     0    66    74    35    27    87    42    37    83    32
    54    74    94    42    49    49    50    55    81    88     6    81     5     3    63     4    85    60    90    47     0    48    67    90    43    93    44    41    95    79    56    88     3    26    88    77    36    35    12    19    47    59    89     5    51     8    94    72    38    19     9     6    46    97    15    17    45     4    72     7    62    54    29    45    99    37    19    45    73    47    78    15    94    81    87     0    29    19    64    26    83     0    99    89    34    74    58     6    26     0    68    65    29    41    63    31    64    22    49    70
    99    21    60    79    64    37    36    70    14    25    51    61    90    16    98    65    97    88    57    54    62    72    77    84    12    55    30    84    80    48    29     8    87    48    96    57    31    91    46    56    43    91    69    69    32    52    96    62    96    43    26    18    83    37    69    74    84    15    85     8    13    10    29    66    89    56    34    44    76    29    11    23    49    49    33    89    14    36    55    96    15     1    72    63     7    24    96    75     0    68     0    49    81     7    94    22    17    15    15    17
    32    58    63    84    85     5    60    18    38    15    64    90    13    92    90    86     0    79    32    66    57    28    66    94     7     1    21    25    24    18    64    87    21    27    19    59    71    11    54    46    93    52    39    66    51    55    92    87    26    54    89    42    12    90    46    92     8    40    37    62    79    14    97    33    19    34    91    56    45    41    97    75    59    87    49    49    38    27    61    65    83    40    65    68    38    99    90    31    66    65    49     0    81    93    17    47    68     5    26    55
    60    95    99    93    29    59    18    11    89    70    90    23    91    21    39     2    97    20    49    34    32    82    36    59    53    51    47    82    11    66    28    76    42    50    49    93    17    95    17    55    22    16    46    96    47    23    29    72    63    67    35    74    70    99    44    49    89    84    73    78    60    78     9    81    71    52    88    91    65    93    59    45    20    90    55    60    97    36    71    89    88    68    81    35    15    89    31    84    74    29    81    81     0    47    64    91    32    84    56    61
    76    29    81     5    43    17     5    42    26    37    63    50    38    22     2    25     8    41    29    59    48    57    35    36    13    44     7    65    99    38    24    30    43    54    12    92    58    88    69    39    80    32    70    51     2    41    99    97     5    60    49    67    43    88    89    28    78     0    68     6    77    64    16    77    89    83    94    67    96    94    53    34    16    80    18    73    92    94    11    37    29    62    46    58    53    44    30    45    35    41     7    93    47     0    78    71    45    42    45    94
    68    37    99    21    35    18    63    32    67    53    91     0    70     5    13    79    29    93    23    81    61    88    93    76    62    10    58    39    84    42    50    94    75    39    93    50    38    39    83     6    17    86    96    77    66    72    56    25    52    61    18    47    91    80    90    15    79    93    79    28     0    14     3    69    18    17    71    63     9    37    90    72    34    81    25    94    74    87    41    16    56    46    60    56    50    34    97    41    27    63    94    17    64    78     0    65    95    27    72    89
    39    35    96    67    77    45    49    96    47     8    72    54    21    43    31    91    49    24    90    42    17    76    37    84    13    51     0    33    11    50    48    39    77    96    25    57    76    83    62    12     4    66    94    75    43     1    17    21     3     1    91    53    49    53    14    75    47    47    61    60    60    50    20    15    15    60     7    88    53    54    53     5    95    91    88    18    28    44    99    37    39    43    94    10     9    48    21    10    87    31    22    47    91    71    65     0     2    89     5    17
    12    93    59     4     0    83    44    79    23    22    37    75    67    79    28    47    13    28    92    73     7    37    46    71    28    91    78    48    14    42    44    51    10     9    54    78    87    23    28     8     7    95    23     5    26    92    58    89    57    70    77    23    32    71    21    22    16    27    61    85    46    53    46    72    27    80    97     9     5    99    42    39    61    91    67    12    81     4    13     3    82    36    63    87    16     1    97    69    42    64    17    68    32    45    95     2     0    59    86    10
    26    18    73    13    38    73    11    21    87    83    37    64    29    61    57     7    79    35    47     1    69    97    19     9    96    88    29    58    43    84    94    72    62    45    48     2    17    36    87    28    96     0    70    26    50    39    67    60    32    41    95     3    16    34    27    72    64    88     9    68    97    98    36    48    83    67    89     9    70    94    96    14    21    53    12    27    74    76    16    89    22    75    81    59    83    96    50    40    37    22    15     5    84    42    27    89    59     0    28    85
    86    28    13    61    71    58     5    70    31    50    59    42    71    28     4    84    34     8    29    38    97    20    67    38    51    35     7    44    26    59    18    42    86    11    51    60    34    57    95    97    98    85    75    53    58    62    65    20    26    38    23    67    66    28     9    30    15    17    89    54    38    80    58    99    55    50    94    19    24    24     5    10    20     7    78    19    18    73    87    16    94    29    55    65    64    35    23     0    83    49    15    26    56    45    72     5    86    28     0    30
    94    43    68    54    49    73    34    84    32    57    28    24    80    78    71    31    16    62    49    71    69    39    12     0    56    47    58    23    84    88    72    92    70    26    60    47    99    58    96    65    91    14    14    30    98    46    22    76    95    97    38    77    97    59    30    57    93    37    57    51    24    87    83    92    44    66    30    19    24    76    89    34    66    26    99    20    30    19    32     8    12     3    45    67    61    60    59    65    32    70    17    55    61    94    89    17    10    85    30     0