80
     0    83    86    77    15    93    35    86    92    49    21    62    27    90    59    63    26    40    26    72    36    11    68    67    29    82    30    62    23    67    35    29     2    22    58    69    67    93    56    11    42    29    73    21    19    84    37    98    24    15    70    13    26    91    80    56    73    62    70    96    81     5    25    84    27    36     5    46    29    13    57    24    95    82    45    14    67    34    64    43
    83     0    50    87     8    76    78    88    84     3    51    54    99    32    60    76    68    39    12    26    86    94    39    95    70    34    78    67     1    97     2    17    92    52    56     1    80    86    41    65    89    44    19    40    29    31    17    97    71    81    75     9    27    67    56    97    53    86    65     6    83    19    24    28    71    32    29     3    19    70    68     8    15    40    49    96    23    18    45    46
    86    50     0    51    21    55    79    88    64    28    41    50    93     0    34    64    24    14    87    56    43    91    27    65    59    36    32    51    37    28    75     7    74    21    58    95    29    37    35    93    18    28    43    11    28    29    76     4    43    63    13    38     6    40     4    18    28    88    69    17    17    96    24    43    70    83    90    99    72    25    44    90     5    39    54    86    69    82    42    64
    77    87    51     0    97     7    55     4    48    11    22    28    99    43    46    68    40    22    11    10     5     1    61    30    78     5    20    36    44    26    22    65     8    16    82    58    24    37    62    24     0    36    52    99    79    50    68    71    73    31    81    30    33    94    60    63    99    81    99    96    59    73    13    68    90    95    26    66    84    40    90    84    76    42    36     7    45    56    79    18
    15     8    21    97     0    87    12    48    72    59     9    36    10    42    87     6     1    13    72    21    55    19    99    21     4    39    11    40    67     5    28    27    50    84    58    20    24    22    69    96    81    30    84    92    72    72    50    25    85    22    99    40    42    98    13    98    90    24    90     9    81    19    36    32    55    94     4    79    69    73    76    50    55    60    42    79    84    93     5    21
    93    76    55     7    87     0    67     4    13    61    54    26    59    44     2     2     6    84    21    42    68    28    89    72     8    58    98    36     8    53    48     3    33    33    48    90    54    67    46    68    29     0    46    88    97    49    90     3    33    63    97    53    92    86    25    52    96    75    88    57    29    36    60    14    21    60     4    28    27    50    48    56     2    94    97    99    43    39     2    28
    35    78    79    55    12    67     0     3     0    81    47    38    59    51    35    34    39    92    15    27     4    29    49    64    85    29    43    35    77     0    38    71    49    89    67    88    92    95    43    44    29    90    82    40    41    69    26    32    61    42    60    17    23    61    81     9    90    25    96    67    77    34    90    26    24    57    14    68     5    58    12    86     0    46    26    94    16    52    78    29
    86    88    88     4    48     4     3     0    46    90    47    70    51    80    31    93    57    27    12    86    14    55    12    90    12    79    10    69    89    74    55    41    20    33    87    88    38    66    70    84    56    17     6    60    49    37     5    59    17    18    45    83    73    58    73    37    89    83     7    78    57    14    71    29     0    59    18    38    25    88    74    33    57    81    93    58    70    99    17    39
    92    84    64    48    72    13     0    46     0    69    63    22    94    73    47    31    62    82    90    92    91    57    15    21    57    74    91    47    51    31    21    37    40    54    30    98    25    81    16    16     2    31    39    96     4    38    80    18    21    70    62    12    79    77    85    36     4    76    83     7    59    57    44    99    11    27    50    36    60    18     5    63    49    44    11     5    34    91    75    55
    49     3    28    11    59    61    81    90    69     0    14    89    68    93    18     5    82    22    82    17    30    93    74    26    93    86    53    43    74    14    13    79    77    62    75    88    19    10    32    94    17    46    35    37    91    53    43    73    28    25    91    10    18    17    36    63    55    90    58    30     4    71    61    33    85    89    73     4    51     5    50    68     3    85     6    95    39    49    20    67
    21    51    41    22     9    54    47    47    63    14     0    26    63    77    96    81    65    60    36    55    70    18    11    42    32    96    79    21    70    84    72    27    34    40    83    72    98    30    63    47    50    30    73    14    59    22    47    24    82    35    32     4    54    43    98    86    40    78    59    62    62    83    41    48    23    24    72    22    54    35    21    57    65    47    71    76    69    18     1     3
    62    54    50    28    36    26    38    70    22    89    26     0    53    33     7    59    28     6    97    20    84     8    34    98    91    76    98    15    52    71    89    59     6    10    16    24     9    39     0    78     9    53    81    14    38    89    26    67    47    23    87    31    32    22    81    75    50    79    90    54    50    31    13    57    94    81    81     3    20    33    82    81    87    15    96    25     4    22    92    51
    27    99    93    99    10    59    59    51    94    68    63    53     0    97    32    34    81     6    15    57     8    95    99    62    97    83    76    54    77     9    87    32    82    21    66    63    60    82    11    85    86    85    30    90    83    14    76    16    20    92    25    28    39    25    90    36    60    18    43    37    28    82    21    10    55    88    25    15    70    37    53     8    22    83    50    57    97    27    26    69
    90    32     0    43    42    44    51    80    73    93    77    33    97     0    71    51    49    10    28    39    98    88    10    93    77    90    76    99    52    31    87    77    99    57    66    52    17    41    35    68    98    84    95    76     5    66    28    54    28     8    93    78    97    55    72    74    45     0    25    97    83    12    27    82    21    93    34    39    34    21    59    85    57    54    61    62    72    41    16    52
    59    60    34    46    87     2    35    31    47    18    96     7    32    71     0    50    62    82    99    17    54    73    15     6    51    64    90    63    91    72    37    37    59    28    71    80    87    56    90    41    70    52    65    11    69    17    61    83    51    12     0     6    38    67    64    89    32    54     4    75    79    41    12    38    69    36    70    56    44    60    49    14    65    14    26    86    83    39    69    35
    63    76    64    68     6     2    34    93    31     5    81    59    34    51    50     0    52    21    93    90    89     9    31    73    64    35    48    95    77    13    33    98    49    55    55    93    68    56    60    33    23    86    71    58    77    40    45    81    61    90    23    50     0    54    75    64    42    24    59    19    89    44    69    38    51    76    83    19    33    43     4    56    81    75    66    11    67    12    92    29
    26    68    24    40     1     6    39    57    62    82    65    28    81    49    62    52     0     2    68    31     2    74     7    18    16    83    77    87    72    73    57    62    25    33    97    96    18    41    53    26    74    80    93    85    48     5    30    29    59    98    60    62    24    19    80    41     2    10    80    26    83    89    40     8    23    38    57    93    31    10    20     5    90    13    91    38    70    21    67    29
    40    39    14    22    13    84    92    27    82    22    60     6     6    10    82    21     2     0    71    80    43    95    99    24    88    54    86    69    32    69    10    73    30    33    63    87    79    94    49    99    51    39    64    42    30    86    15    49    15    86    81    11    34    33    87    22    87    73    43    19    42    54    44    24    39    59    63    18    53    12    69     5     4    33    99    34    19    15    35    87
    26    12    87    11    72    21    15    12    90    82    36    97    15    28    99    93    68    71     0    53    69    50    87     2    37    62    89    10     5    60     4    11    57    29     3    16    92    21    22     5    43    79    61    28    78    47     0    45    82    87    99    51    89    86    53    26    48    94    36     6     7    92    17    64    21    20    80    66    94    54    23    37    33    84    17    12    31    17     9    65
    72    26    56    10    21    42    27    86    92    17    55    20    57    39    17    90    31    80    53     0    56     8    69    45    95    22    71    95    69    59     1    76    52    71    40    25    43    72    91    89    27    66    78    12    50    96    24    33    13    86    99    70    94    68    15    41    42    39    37    63    98    90    39     2    13    31    28    57     4    71    46    83    38    25    95    40    21    72    26    34
    36    86    43     5    55    68     4    14    91    30    70    84     8    98    54    89     2    43    69    56     0    58    25    56    52    45    72    46    39    11    83     3    61    25    42    16    39    74    44    96    30    67    94    13    57    19    60    50    92    32    76    79    90    53    35    95    98     7    41    37    70    76    40    84     1    83     0    92     9    96    40    39    63    35     4    73     6    64    23    51
    11    94    91     1    19    28    29    55    57    93    18     8    95    88    73     9    74    95    50     8    58     0    49    51    30    39     4    65    86     2    25    79    91    47     7    84    31    61    19    31    53    28    27    94    19    43    81    23    68    87    39    43    38    88    94    20    80    98    86    18    52    63    98    95    10     5    79    42    66    98    25    72    78    53    66    97    48    47    72    16
    68    39    27    61    99    89    49    12    15    74    11    34    99    10    15    31     7    99    87    69    25    49     0    86    12    59    77     0    53    97    32     3    35    51     7    98    49    54    61     6    34     3    25    84    28    97    63    33    15    60    81    14    85    97     0    97     8    29    49    13    79    34    16    14    85    75    65    86    30    26    92    16    29    69    52     9    66    15    95    33
    67    95    65    30    21    72    64    90    21    26    42    98    62    93     6    73    18    24     2    45    56    51    86     0    28    76    47    13    26     0    62    86    29    63     0     8    97    16    75    82    44    40    20    26    18    65    94    99    34    46     8    53    62     3    86    42    32    34     7    10    34    69    96    15    84    96    24    82    65    51    16    61    43    37    87    61     2    81    60    88
    29    70    59    78     4     8    85    12    57    93    32    91    97    77    51    64    16    88    37    95    52    30    12    28     0    79    20    41    93    24    28    35     8    62    42    70    96    63    66    11     0    15    87    34    32    90    50    93    33    39    80    94    93    13    54    82    44    75    23    38    51    51    73    11    65    68    81    13    83    99    77    35    14    64    69    46     7    72    91    40
    82    34    36     5    39    58    29    79    74    86    96    76    83    90    64    35    83    54    62    22    45    39    59    76    79     0    11    23    87    57    36    93    39    81    20    14    71    71    18    96    34    83    64    67    97     0    67    74    35    33    90    57    32    49    29    23    90    92    47    29    49    35    22    40    68    43    55    39    66    25    36    53    60    52    20    57     4    87    83    40
    30    78    32    20    11    98    43    10    91    53    79    98    76    76    90    48    77    86    89    71    72     4    77    47    20    11     0    21    26    97     5    27    78    28    69    70    27    98    20    63    21    60    83    16    67    23    82    92    11    35    53    63     8    62    68    95    98    60    68    76     9    73     3    87    54    73    57    81    23    29    96    44    42    80    12     9    55    47    54    66
    62    67    51    36    40    36    35    69    47    43    21    15    54    99    63    95    87    69    10    95    46    65     0    13    41    23    21     0    34    59    81    42    73     1    38    71    13    58    99    22    84    55    61    90    80    71    23     3     0    20     0    42    52    12     4     7    59    58    25    94    17    58    36    90    60    26    14    73    37    65    48    21    20     9    63     0    32    86     4    33
    23     1    37    44    67     8    77    89    51    74    70    52    77    52    91    77    72    32     5    69    39    86    53    26    93    87    26    34     0    58    56    27    10    68    31    69    28    41    46    74    58     5    10     1    65    89    67    90    26    32    38    99     5     0    62    57    32    48    61    17     7    69    97    69    38    28    39    18    70    85    92    80    42    54    33     7    43     0    50    21
    67    97    28    26     5    53     0    74    31    14    84    71     9    31    72    13    73    69    60    59    11     2    97     0    24    57    97    59    58     0    85    88    20    90    40    34    47    25    83    61    94    42    30    91    63    20    20    54    38    42    92    30    22    34    85     8    94    80     8    44     2    45    84    22    87    25    57    35     2    92    48    96    86    30    40    49    51    12    56    89
    35     2    75    22    28    48    38    55    21    13    72    89    87    87    37    33    57    10     4     1    83    25    32    62    28    36     5    81    56    85     0    54    48    72    28    82    57    88    76    37    97    20    39    94     5    14    82    82    23    69    36    15    17    84    53    99    24    54    50    36    10    92    42    58    64    23    41    21    11    69    10    60    90     2    55    47    16    89    81    39
    29    17     7    65    27     3    71    41    37    79    27    59    32    77    37    98    62    73    11    76     3    79     3    86    35    93    27    42    27    88    54     0    58    17     6    75     1    11    74    78    65    77    66    76    69    61    34    33    36    27     6    99    97    16    60    39    70    67    86    86     8    67    77    66    36    35    93    37    46    19    67    12    96    34    40    17    95    74    50    31
     2    92    74     8    50    33    49    20    40    77    34     6    82    99    59    49    25    30    57    52    61    91    35    29     8    39    78    73    10    20    48    58     0     2     8    30    51    25    42    90    47    61    76    34    69    95    63    35    31    51    80    20    97     0    88    61    96    74     1    14    69    28    16    52    82    25    82    33     2    77    23    49    90    51    35    60    46    99    47    29
    22    52    21    16    84    33    89    33    54    62    40    10    21    57    28    55    33    33    29    71    25    47    51    63    62    81    28     1    68    90    72    17     2     0     2    28    49    99    28    89    13    76    63    66    90    84    94    59    36    76    84    71     9    38     0    84    39    90    35    75    50    81    26    50    62    28    78    64    79    58    53    44    34    69    11    77     5    57    36    42
    58    56    58    82    58    48    67    87    30    75    83    16    66    66    71    55    97    63     3    40    42     7     7     0    42    20    69    38    31    40    28     6     8     2     0    34    72    65    95    10    65    32    49     7    67    76    58     1     2    60    63    82    38    27    14    96    33    58    30    54    69     7    59    27    95     1    13    67    18    60    29    35    92    31    43    12     7    53    13    62
    69     1    95    58    20    90    88    88    98    88    72    24    63    52    80    93    96    87    16    25    16    84    98     8    70    14    70    71    69    34    82    75    30    28    34     0    13    28    96    51    56    10    99    41    69    81    95    90    89    54    69    36     8    82     4    26    95    33    14    87    64    57    51    24    10    64    38    23    93    34    26     1    45    25    94    66     6    89    56    47
    67    80    29    24    24    54    92    38    25    19    98     9    60    17    87    68    18    79    92    43    39    31    49    97    96    71    27    13    28    47    57     1    51    49    72    13     0    95    26    84     3    60    40    82    55    73    48    95    90     5    46    66    67    63     4    90     8    90    68    61    35    93    55     1    51    44    10    51    91    88    35    47    48    75    81    56     0    29    51    42
    93    86    37    37    22    67    95    66    81    10    30    39    82    41    56    56    41    94    21    72    74    61    54    16    63    71    98    58    41    25    88    11    25    99    65    28    95     0    34    49    60     1    64    64    43    72    55    11    33    42    56    40    96    59    36    58    10    28    46    97    75    94    24    56    50    25    85    53    19    71    55    80    24    19    96    67    44     3    30    29
    56    41    35    62    69    46    43    70    16    32    63     0    11    35    90    60    53    49    22    91    44    19    61    75    66    18    20    99    46    83    76    74    42    28    95    96    26    34     0    46    86    70    94    45    58    52     8    86    98     5    13    44    30    21    47     7    58     0    78    29     7    58    53    79     7    72    75    10     2     4     8    40    26     2    86    85     6    46    23     4
    11    65    93    24    96    68    44    84    16    94    47    78    85    68    41    33    26    99     5    89    96    31     6    82    11    96    63    22    74    61    37    78    90    89    10    51    84    49    46     0    51    37     1    33    10    48    92    69     0    71    50     8    81    56    87    88    28    62    51    83    18    59    23    45    14    61    82    72     7    57    29    11    94    30    44    57    78    37    26    78
    42    89    18     0    81    29    29    56     2    17    50     9    86    98    70    23    74    51    43    27    30    53    34    44     0    34    21    84    58    94    97    65    47    13    65    56     3    60    86    51     0    60    28    86    41    84    25    82    65    39    33    48    58    44    23    55    10    85    89    83    44    46    12    55    93    42     0    50    20    89    28    50    49    56    37    42    41    14    24    58
    29    44    28    36    30     0    90    17    31    46    30    53    85    84    52    86    80    39    79    66    67    28     3    40    15    83    60    55     5    42    20    77    61    76    32    10    60     1    70    37    60     0    54     9    58    64    54    81    19    16    18    60    99    63     6    63    18    99     5    70     1    77    11    29    28    12    86    17    55    79    83    79    89    37    89    47    53    95    80    24
    73    19    43    52    84    46    82     6    39    35    73    81    30    95    65    71    93    64    61    78    94    27    25    20    87    64    83    61    10    30    39    66    76    63    49    99    40    64    94     1    28    54     0    11    99    84    11    14    43    26    84    42    32     7    96    61    18    25    41    31    63    10    86    94    94    17    35    83    58    82    37    53    15    13    17    14    98    80    80    41
    21    40    11    99    92    88    40    60    96    37    14    14    90    76    11    58    85    42    28    12    13    94    84    26    34    67    16    90     1    91    94    76    34    66     7    41    82    64    45    33    86     9    11     0     6    64    35    38    23    31    52    42     9    45    25    24    56    63    71     2    80     6    85    91    89    74    44    56    88    61    70    38    41     2    79    48    18    66    38    42
    19    29    28    79    72    97    41    49     4    91    59    38    83     5    69    77    48    30    78    50    57    19    28    18    32    97    67    80    65    63     5    69    69    90    67    69    55    43    58    10    41    58    99     6     0    50    42    84    59    88    61    35    96    24     6    98    56    13    35    47    54    62    44    10     2    57    32    40    51    86    71    99     4    89    89    46    39    84    82    50
    84    31    29    50    72    49    69    37    38    53    22    89    14    66    17    40     5    86    47    96    19    43    97    65    90     0    23    71    89    20    14    61    95    84    76    81    73    72    52    48    84    64    84    64    50     0    72    43    86    68    19    92    18    76    57    53    75    63    15    19    25    69    77     9     9    80    95    32    31     0    22    20    46    13    56    29    64    28    24    50
    37    17    76    68    50    90    26     5    80    43    47    26    76    28    61    45    30    15     0    24    60    81    63    94    50    67    82    23    67    20    82    34    63    94    58    95    48    55     8    92    25    54    11    35    42    72     0    48    44    94    18    72     4    72    47    67    39    19    93     9    48    54    70    28    50    55    59    50    29    31    48    42    88    77     6    68    54     8    69    98
    98    97     4    71    25     3    32    59    18    73    24    67    16    54    83    81    29    49    45    33    50    23    33    99    93    74    92     3    90    54    82    33    35    59     1    90    95    11    86    69    82    81    14    38    84    43    48     0     3    87    70     7    11    69    26     3    40    71    64    88    26    86    16    76    41    27    78    22    59    26    65    99     4    23    67    58    32    88     8    87
    24    71    43    73    85    33    61    17    21    28    82    47    20    28    51    61    59    15    82    13    92    68    15    34    33    35    11     0    26    38    23    36    31    36     2    89    90    33    98     0    65    19    43    23    59    86    44     3     0    76    30    94    39    51    72    42    92    44     6    80    22    93    49    98    86    28    76     9    87     2    26    38    58    49    58    68    81    46    28    20
    15    81    63    31    22    63    42    18    70    25    35    23    92     8    12    90    98    86    87    86    32    87    60    46    39    33    35    20    32    42    69    27    51    76    60    54     5    42     5    71    39    16    26    31    88    68    94    87    76     0    74    58    14    14    62    39    56    54    35    15    34    57    60    35     7    46    64    83    55     3    37    33    42    48    83     0    68    16    46    49
    70    75    13    81    99    97    60    45    62    91    32    87    25    93     0    23    60    81    99    99    76    39    81     8    80    90    53     0    38    92    36     6    80    84    63    69    46    56    13    50    33    18    84    52    61    19    18    70    30    74     0    37    21    59     3    87    21    42    43    75    77    10    62    86    70    97    93    17    61    28    24    17    66    58    59    66    93    59    86     9
    13     9    38    30    40    53    17    83    12    10     4    31    28    78     6    50    62    11    51    70    79    43    14    53    94    57    63    42    99    30    15    99    20    71    82    36    66    40    44     8    48    60    42    42    35    92    72     7    94    58    37     0    57    35    46    30    95     2    17    16    96    13    92    74    23     6    60    94     3     6    63    17    34    39    34    52    49    93    18    42
    26    27     6    33    42    92    23    73    79    18    54    32    39    97    38     0    24    34    89    94    90    38    85    62    93    32     8    52     5    22    17    97    97     9    38     8    67    96    30    81    58    99    32     9    96    18     4    11    39    14    21    57     0     4     5     4    13    92     2    44    87     4    61    56     1    26    48    27    50    54    39    96     9    45    11    26    80     2    12    32
    91    67    40    94    98    86    61    58    77    17    43    22    25    55    67    54    19    33    86    68    53    88    97     3    13    49    62    12     0    34    84    16     0    38    27    82    63    59    21    56    44    63     7    45    24    76    72    69    51    14    59    35     4     0    52    57     3    46    61    60    50    27    52    53    71    40    57    84    48    10    11    48    37    13    54    77    61    63    74    24
    80    56     4    60    13    25    81    73    85    36    98    81    90    72    64    75    80    87    53    15    35    94     0    86    54    29    68     4    62    85    53    60    88     0    14     4     4    36    47    87    23     6    96    25     6    57    47    26    72    62     3    46     5    52     0    42    54    26    54    39    78    64    42    25    77     2    27     4    54    80    75    46    90    60    94     0    23    42    90    88
    56    97    18    63    98    52     9    37    36    63    86    75    36    74    89    64    41    22    26    41    95    20    97    42    82    23    95     7    57     8    99    39    61    84    96    26    90    58     7    88    55    63    61    24    98    53    67     3    42    39    87    30     4    57    42     0    96    19    49    12    93    25    54    48    51    60    87    82    24    29    59     2    83    86     6    37    67    34    36     9
    73    53    28    99    90    96    90    89     4    55    40    50    60    45    32    42     2    87    48    42    98    80     8    32    44    90    98    59    32    94    24    70    96    39    33    95     8    10    58    28    10    18    18    56    56    75    39    40    92    56    21    95    13     3    54    96     0    46    30     9    69    25    51    57    73    70    58    85    64    83    39    64    86    52     3    68    76    32    27    30
    62    86    88    81    24    75    25    83    76    90    78    79    18     0    54    24    10    73    94    39     7    98    29    34    75    92    60    58    48    80    54    67    74    90    58    33    90    28     0    62    85    99    25    63    13    63    19    71    44    54    42     2    92    46    26    19    46     0    67    66    37     4    33    71    92    94    17    75    55    38     0     7    47    73    77    57    59    93    92    50
    70    65    69    99    90    88    96     7    83    58    59    90    43    25     4    59    80    43    36    37    41    86    49     7    23    47    68    25    61     8    50    86     1    35    30    14    68    46    78    51    89     5    41    71    35    15    93    64     6    35    43    17     2    61    54    49    30    67     0    57    78     2    60    47    31    44    26    61    11    92    98    68    77    21    60    71    90    87    79    80
    96     6    17    96     9    57    67    78     7    30    62    54    37    97    75    19    26    19     6    63    37    18    13    10    38    29    76    94    17    44    36    86    14    75    54    87    61    97    29    83    83    70    31     2    47    19     9    88    80    15    75    16    44    60    39    12     9    66    57     0    87    86    79    13    63    36    24     9    28    74    66    59    29    27    58    60    71    84    73    35
    81    83    17    59    81    29    77    57    59     4    62    50    28    83    79    89    83    42     7    98    70    52    79    34    51    49     9    17     7     2    10     8    69    50    69    64    35    75     7    18    44     1    63    80    54    25    48    26    22    34    77    96    87    50    78    93    69    37    78    87     0    29    24     3    58    45    15    82    88     3    61    68    42    47     0    55    62    36    31    71
     5    19    96    73    19    36    34    14    57    71    83    31    82    12    41    44    89    54    92    90    76    63    34    69    51    35    73    58    69    45    92    67    28    81     7    57    93    94    58    59    46    77    10     6    62    69    54    86    93    57    10    13     4    27    64    25    25     4     2    86    29     0    17    58    38    76    87    17    34    99    40    70    72    27    51    96    82    10    94    98
    25    24    24    13    36    60    90    71    44    61    41    13    21    27    12    69    40    44    17    39    40    98    16    96    73    22     3    36    97    84    42    77    16    26    59    51    55    24    53    23    12    11    86    85    44    77    70    16    49    60    62    92    61    52    42    54    51    33    60    79    24    17     0    92    82    53    53     2    47    52    54    55    14    91    86    38    60    44    28    88
    84    28    43    68    32    14    26    29    99    33    48    57    10    82    38    38     8    24    64     2    84    95    14    15    11    40    87    90    69    22    58    66    52    50    27    24     1    56    79    45    55    29    94    91    10     9    28    76    98    35    86    74    56    53    25    48    57    71    47    13     3    58    92     0    83    45    22    34    37    44     7    65    96    55    47     6    49    97    50    83
    27    71    70    90    55    21    24     0    11    85    23    94    55    21    69    51    23    39    21    13     1    10    85    84    65    68    54    60    38    87    64    36    82    62    95    10    51    50     7    14    93    28    94    89     2     9    50    41    86     7    70    23     1    71    77    51    73    92    31    63    58    38    82    83     0     2     3    38    50    55    92     5    21    35    91    11    95    88    39    83
    36    32    83    95    94    60    57    59    27    89    24    81    88    93    36    76    38    59    20    31    83     5    75    96    68    43    73    26    28    25    23    35    25    28     1    64    44    25    72    61    42    12    17    74    57    80    55    27    28    46    97     6    26    40     2    60    70    94    44    36    45    76    53    45     2     0    23    36    57    58    26     2    65    91    50    20    90     8    22    88
     5    29    90    26     4     4    14    18    50    73    72    81    25    34    70    83    57    63    80    28     0    79    65    24    81    55    57    14    39    57    41    93    82    78    13    38    10    85    75    82     0    86    35    44    32    95    59    78    76    64    93    60    48    57    27    87    58    17    26    24    15    87    53    22     3    23     0    58    57    90    61    95    40    68    40    97    41    75    41    53
    46     3    99    66    79    28    68    38    36     4    22     3    15    39    56    19    93    18    66    57    92    42    86    82    13    39    81    73    18    35    21    37    33    64    67    23    51    53    10    72    50    17    83    56    40    32    50    22     9    83    17    94    27    84     4    82    85    75    61     9    82    17     2    34    38    36    58     0    23    29    44    58    52    33    16    10    59    70    27    50
    29    19    72    84    69    27     5    25    60    51    54    20    70    34    44    33    31    53    94     4     9    66    30    65    83    66    23    37    70     2    11    46     2    79    18    93    91    19     2     7    20    55    58    88    51    31    29    59    87    55    61     3    50    48    54    24    64    55    11    28    88    34    47    37    50    57    57    23     0    72     0    40    80    74    80    38    31    71    99    79
    13    70    25    40    73    50    58    88    18     5    35    33    37    21    60    43    10    12    54    71    96    98    26    51    99    25    29    65    85    92    69    19    77    58    60    34    88    71     4    57    89    79    82    61    86     0    31    26     2     3    28     6    54    10    80    29    83    38    92    74     3    99    52    44    55    58    90    29    72     0    63    19    19    61    12    46    54    17    69    83
    57    68    44    90    76    48    12    74     5    50    21    82    53    59    49     4    20    69    23    46    40    25    92    16    77    36    96    48    92    48    10    67    23    53    29    26    35    55     8    29    28    83    37    70    71    22    48    65    26    37    24    63    39    11    75    59    39     0    98    66    61    40    54     7    92    26    61    44     0    63     0    62    28    87    95    96    50    54    66    29
    24     8    90    84    50    56    86    33    63    68    57    81     8    85    14    56     5     5    37    83    39    72    16    61    35    53    44    21    80    96    60    12    49    44    35     1    47    80    40    11    50    79    53    38    99    20    42    99    38    33    17    17    96    48    46     2    64     7    68    59    68    70    55    65     5     2    95    58    40    19    62     0    56    38    29    96    18    55    29     8
    95    15     5    76    55     2     0    57    49     3    65    87    22    57    65    81    90     4    33    38    63    78    29    43    14    60    42    20    42    86    90    96    90    34    92    45    48    24    26    94    49    89    15    41     4    46    88     4    58    42    66    34     9    37    90    83    86    47    77    29    42    72    14    96    21    65    40    52    80    19    28    56     0    87     0     7    18    15    78    37
    82    40    39    42    60    94    46    81    44    85    47    15    83    54    14    75    13    33    84    25    35    53    69    37    64    52    80     9    54    30     2    34    51    69    31    25    75    19     2    30    56    37    13     2    89    13    77    23    49    48    58    39    45    13    60    86    52    73    21    27    47    27    91    55    35    91    68    33    74    61    87    38    87     0    28    90    35    82     8     5
    45    49    54    36    42    97    26    93    11     6    71    96    50    61    26    66    91    99    17    95     4    66    52    87    69    20    12    63    33    40    55    40    35    11    43    94    81    96    86    44    37    89    17    79    89    56     6    67    58    83    59    34    11    54    94     6     3    77    60    58     0    51    86    47    91    50    40    16    80    12    95    29     0    28     0    17    22    85    57    69
    14    96    86     7    79    99    94    58     5    95    76    25    57    62    86    11    38    34    12    40    73    97     9    61    46    57     9     0     7    49    47    17    60    77    12    66    56    67    85    57    42    47    14    48    46    29    68    58    68     0    66    52    26    77     0    37    68    57    71    60    55    96    38     6    11    20    97    10    38    46    96    96     7    90    17     0    81     7    23    99
    67    23    69    45    84    43    16    70    34    39    69     4    97    72    83    67    70    19    31    21     6    48    66     2     7     4    55    32    43    51    16    95    46     5     7     6     0    44     6    78    41    53    98    18    39    64    54    32    81    68    93    49    80    61    23    67    76    59    90    71    62    82    60    49    95    90    41    59    31    54    50    18    18    35    22    81     0    36    79    89
    34    18    82    56    93    39    52    99    91    49    18    22    27    41    39    12    21    15    17    72    64    47    15    81    72    87    47    86     0    12    89    74    99    57    53    89    29     3    46    37    14    95    80    66    84    28     8    88    46    16    59    93     2    63    42    34    32    93    87    84    36    10    44    97    88     8    75    70    71    17    54    55    15    82    85     7    36     0    18    27
    64    45    42    79     5     2    78    17    75    20     1    92    26    16    69    92    67    35     9    26    23    72    95    60    91    83    54     4    50    56    81    50    47    36    13    56    51    30    23    26    24    80    80    38    82    24    69     8    28    46    86    18    12    74    90    36    27    92    79    73    31    94    28    50    39    22    41    27    99    69    66    29    78     8    57    23    79    18     0     7
    43    46    64    18    21    28    29    39    55    67     3    51    69    52    35    29    29    87    65    34    51    16    33    88    40    40    66    33    21    89    39    31    29    42    62    47    42    29     4    78    58    24    41    42    50    50    98    87    20    49     9    42    32    24    88     9    30    50    80    35    71    98    88    83    83    88    53    50    79    83    29     8    37     5    69    99    89    27     7     0